0 ||| <unk> <unk> <unk> को <unk> के लिये <unk> या विवरण ||| 0 ||| <sos> Processing a homogeneous or heterogeneous mix to get pure matter . ||| 13 11
0.025552291 0.11222313 0.039028283 0.42032915 0.0054641985 0.0048967195 0.0059354478 0.0069134207 0.020081444 0.1080787 0.2153251 0.015809618 0.020362502 
0.028170532 0.022772495 0.044723976 0.11060993 0.019237328 0.003399512 0.003457022 0.008261906 0.022826863 0.32987735 0.27331752 0.05287861 0.08046698 
0.00569041 0.034202393 0.015655823 0.42650554 0.03231022 0.06684198 0.043726984 0.07856923 0.14885418 0.07080894 0.052339587 0.0051250993 0.01936953 
0.009849112 0.05943257 0.02701741 0.27924687 0.056629002 0.079664364 0.07450755 0.060239345 0.13677791 0.07454887 0.1161082 0.012053522 0.013925275 
0.013448009 0.048035532 0.027005957 0.18828638 0.06600831 0.10277853 0.084913306 0.081255846 0.16884536 0.068000965 0.113132305 0.011909413 0.026380073 
0.018103182 0.057575416 0.016517108 0.248648 0.13794327 0.12584934 0.097514205 0.050971895 0.09563543 0.041279532 0.066789515 0.01740803 0.025765004 
0.012932732 0.055323202 0.020424424 0.14029007 0.07665051 0.18629983 0.20979679 0.11436374 0.08444343 0.022384074 0.040097337 0.008881685 0.028112218 
0.021586183 0.10845208 0.022944603 0.22954726 0.1365983 0.1370765 0.14692901 0.07150844 0.04593621 0.01859628 0.03039259 0.012716301 0.017716317 
0.029745685 0.08228175 0.061812155 0.26824197 0.114573136 0.1395246 0.12266126 0.07390004 0.02916273 0.01710341 0.027555417 0.017567368 0.01587047 
0.035769902 0.0705428 0.06697737 0.07748119 0.12312631 0.27025294 0.1989442 0.05593625 0.018943328 0.013753289 0.021282809 0.02034217 0.026647441 
0.08686361 0.1052271 0.087295294 0.07115186 0.07732599 0.1588199 0.13615243 0.049520716 0.034115385 0.049612157 0.049514968 0.05382633 0.04057426 

0 ||| इस डाक सूची के साथ फ़िल्टर फ़िल्टर करने के लिए एक नियम बनाएँ ||| 0 ||| <sos> Create a rule to filter messages to this mailing list ||| 12 14
0.0033530837 0.014244429 0.00557768 0.037531212 0.0036459444 0.043663394 0.018661931 0.038023237 0.6995392 0.08949452 0.04199971 0.004265601 
0.0053737336 0.0061062532 0.008473797 0.021076571 0.0065333964 0.015188266 0.05176763 0.04858906 0.07624325 0.7012769 0.048600726 0.010770461 
0.0023778991 0.0032596875 0.0019450797 0.010167847 0.00806599 0.013793625 0.027441476 0.21409687 0.03457142 0.2442681 0.4141932 0.025818821 
0.0010815643 0.0030318606 0.0027660653 0.0063913623 0.0048910193 0.0207048 0.021814197 0.36869985 0.026848285 0.08538505 0.38744652 0.07093943 
0.0027781893 0.011973439 0.008342766 0.056000017 0.017712403 0.23620823 0.09089041 0.3690844 0.030425312 0.061426695 0.07637972 0.038778435 
0.0052152975 0.02335737 0.011874397 0.19191639 0.019240115 0.2649 0.1642892 0.16753191 0.043160707 0.049014434 0.038501035 0.020999096 
0.016777338 0.031052854 0.028958282 0.11417589 0.042278733 0.26309252 0.30761722 0.05586453 0.0044367034 0.040765174 0.07606659 0.018914139 
0.05569288 0.13576491 0.07661154 0.20836776 0.1719471 0.1428587 0.097465895 0.06838227 0.0033039541 0.010349494 0.018702287 0.010553128 
0.06403972 0.15274775 0.117226884 0.22126222 0.24074946 0.11991996 0.031985052 0.027141774 0.002951315 0.004610822 0.008452347 0.008912714 
0.08831722 0.33181044 0.13073622 0.21127592 0.09848992 0.07744618 0.016948022 0.014879632 0.0035454272 0.006557256 0.010608247 0.009385515 
0.049010266 0.24409714 0.11968775 0.34569725 0.07884735 0.097423896 0.01786784 0.010376182 0.0048657 0.0076484717 0.012807332 0.011670863 
0.10155836 0.17152865 0.2572109 0.20665467 0.06568129 0.093334675 0.020555204 0.015984016 0.0073232343 0.009714472 0.022508629 0.027945874 
0.12229519 0.1442966 0.30382675 0.14003737 0.12049291 0.0326499 0.013362469 0.01247765 0.0064675556 0.010905367 0.037486944 0.055701263 
0.13090838 0.21837997 0.23953329 0.14035168 0.06255245 0.042439867 0.019025505 0.025723303 0.010906551 0.016145479 0.04600556 0.048027985 

0 ||| फ़ाइल फ़ाइल फ़ाइल नहीं फ़ाइल ( 1 ) ||| 0 ||| <sos> Could not parse the XML file ( % 1 ) . ||| 13 9
0.011593763 0.13593045 0.0054728165 0.041371174 0.29018742 0.44668087 0.024813024 0.01169643 0.0089806905 0.007241397 0.0035215907 0.0037059053 0.008804423 
0.017317459 0.038318418 0.012572794 0.15059346 0.1800554 0.20535618 0.34096816 0.011816241 0.009233237 0.008674437 0.0043926863 0.0061933934 0.014508099 
0.007242585 0.020782596 0.016087348 0.17229533 0.13974406 0.1541501 0.35484856 0.03366006 0.023688097 0.033608 0.013199059 0.010719528 0.019974666 
0.03559967 0.04914114 0.019721108 0.2608099 0.15138634 0.060891755 0.1899851 0.0578537 0.05623783 0.06254066 0.018845726 0.011329681 0.025657425 
0.015861304 0.054807015 0.01797264 0.33202824 0.12702383 0.09420479 0.1315903 0.05727524 0.05657496 0.04334761 0.022922987 0.019046854 0.02734419 
0.018719707 0.110557295 0.023839002 0.20923571 0.08375002 0.055001315 0.08938343 0.0625767 0.10723132 0.12116097 0.0457608 0.026487533 0.046296153 
0.012294812 0.11658898 0.035305984 0.21093546 0.041689277 0.031486824 0.0486252 0.06292381 0.18161441 0.13708748 0.0387224 0.038255837 0.04446948 
0.023728672 0.08171036 0.053955425 0.14323288 0.03635325 0.045747537 0.06701386 0.069278665 0.22350623 0.15972507 0.0329343 0.03560967 0.027204141 
0.032225247 0.065112576 0.021456117 0.12256866 0.09409035 0.04131529 0.052700263 0.07302924 0.14250182 0.16523935 0.046040587 0.07752464 0.066195905 

0 ||| पिछले छवि को <unk> थे थे थे ? ||| 0 ||| <sos> How many numbers with more than one digit were in the previous image ? Answer using numbers . ||| 20 9
0.0125818765 0.10221965 0.012967608 0.013059157 0.007860375 0.02870031 0.012521633 0.094272204 0.010170183 0.0062108757 0.008397892 0.030473847 0.432611 0.060088612 0.0040633124 0.011374764 0.033114683 0.11107381 0.0042058844 0.004032356 
0.009879561 0.013351576 0.04059944 0.009817051 0.0048768204 0.01097709 0.037296504 0.019334102 0.02614961 0.00789608 0.010283544 0.01906375 0.04637229 0.5374388 0.01028093 0.013927378 0.033652447 0.109271 0.022779824 0.016752144 
0.0036799281 0.011539574 0.013155592 0.023809187 0.012798333 0.025923006 0.051167324 0.040458303 0.045136955 0.022921856 0.047727495 0.031718224 0.070790425 0.25262934 0.03589639 0.050447516 0.14247495 0.08243311 0.015982417 0.019310033 
0.002777764 0.011704073 0.0063189333 0.020837067 0.015112074 0.05671198 0.04072413 0.08986444 0.080051236 0.020589717 0.047716755 0.02578401 0.08741153 0.07891182 0.009744817 0.067068055 0.17184812 0.12822282 0.014991274 0.023609407 
0.0023484004 0.014096345 0.010717058 0.017393958 0.008780819 0.06673137 0.040846873 0.11126744 0.08584652 0.030060114 0.017027417 0.02030047 0.16196841 0.20305881 0.01966457 0.049907215 0.071599565 0.04651298 0.011518987 0.01035272 
0.0049690865 0.024124572 0.012749978 0.02348325 0.012134057 0.06532038 0.047500283 0.043868244 0.14331804 0.0742455 0.027754392 0.020292252 0.096860334 0.13327922 0.023594141 0.07941244 0.07574492 0.049786147 0.020954534 0.020608243 
0.008338685 0.05912122 0.024715718 0.052770812 0.014252359 0.08098568 0.024234947 0.04975681 0.0628285 0.05830516 0.022321822 0.034557853 0.16821466 0.07342443 0.04045647 0.06229747 0.048122786 0.07871416 0.011215768 0.025364658 
0.020417813 0.110053204 0.03986697 0.05869124 0.018978061 0.06425594 0.022769455 0.081935346 0.044875503 0.028207885 0.019854479 0.031988632 0.118870854 0.07441405 0.026773077 0.063736334 0.06066576 0.073369406 0.013030097 0.027245857 
0.02443807 0.12470415 0.034194358 0.056137424 0.016275376 0.04700293 0.020730665 0.07819088 0.035957392 0.028371619 0.018285288 0.024136387 0.10093679 0.08155793 0.028190732 0.07495456 0.065889604 0.09893108 0.015577007 0.025537744 

0 ||| पिछले कौन सा दिन की संख्या जो कि कौन सा है , या { 2 } या ||| 0 ||| <sos> What is the next logical sequence of objects in the last column ? Answer { 0 } , { 1 } or { 2 } . ||| 28 18
0.01117229 0.11162809 0.006092702 0.0038343642 0.032743435 0.015459523 0.0048382585 0.012143864 0.06467065 0.0275062 0.08433386 0.49361506 0.03419186 0.011815678 0.013536285 0.014625602 0.015219308 0.013347064 0.0057359817 0.0035319205 0.005344479 0.0032599336 0.0019602552 0.001173077 0.001209895 0.0018775921 0.0019133985 0.0032193775 
0.014697018 0.022696944 0.032473285 0.02828247 0.05293093 0.035287395 0.015993861 0.015941745 0.018330002 0.031103851 0.06808737 0.09899993 0.35275504 0.025964161 0.046177473 0.013905508 0.026567198 0.017504565 0.01717708 0.008339325 0.013907336 0.0056542004 0.00975416 0.002550246 0.006594111 0.0029298298 0.00705127 0.008343621 
0.017188676 0.023873182 0.0038072946 0.006562258 0.02521943 0.057962507 0.027298039 0.019274887 0.009237973 0.03153622 0.15432593 0.05432852 0.10443104 0.09385617 0.15209723 0.03489329 0.1043691 0.028392091 0.018000398 0.008668338 0.010075145 0.00323018 0.0030885001 0.00071757747 0.002731896 0.00071913603 0.0019118107 0.0022032578 
0.0068393596 0.015289069 0.003027414 0.008260502 0.019453447 0.07455055 0.040299114 0.015927251 0.029847639 0.06330782 0.09472002 0.06553561 0.20677082 0.05959473 0.08923867 0.041697443 0.09761932 0.025318252 0.010554811 0.008588398 0.008333941 0.0049547404 0.0021835216 0.0015541938 0.0023065829 0.0008378827 0.00095781055 0.0024311217 
0.009042021 0.014551403 0.0027300476 0.0067220232 0.027737005 0.14602841 0.06275582 0.028123364 0.023610562 0.05522878 0.07369362 0.067638375 0.16835794 0.049543057 0.088581204 0.05402762 0.05527261 0.025311949 0.013788609 0.009889907 0.0036099309 0.0024794047 0.003360447 0.0014098648 0.0017558455 0.0012106001 0.0009845677 0.0025550164 
0.0050155413 0.02743099 0.0103221405 0.00893682 0.044823468 0.11456473 0.104658656 0.06050624 0.18931742 0.059995793 0.03478674 0.03740288 0.05158835 0.030538602 0.074569926 0.035160854 0.043423284 0.026081609 0.010448876 0.0071555516 0.008551502 0.00467275 0.0027446963 0.0019217498 0.0016526808 0.001647205 0.00075621053 0.001324773 
0.006307466 0.020771895 0.02699754 0.015571748 0.049981058 0.16742532 0.1141383 0.020840531 0.050550688 0.033375878 0.03535782 0.017376726 0.08830765 0.050808236 0.122189246 0.044358946 0.06590468 0.011722195 0.019319491 0.0064870813 0.008618959 0.0020764288 0.009113969 0.0019776581 0.0042795646 0.0012746779 0.0017197487 0.0031465131 
0.004730109 0.025470752 0.012269938 0.016047796 0.07626996 0.1905072 0.13801046 0.034128007 0.04220119 0.030840032 0.011733091 0.020274028 0.045061722 0.05321981 0.09653839 0.029930564 0.07239107 0.021392832 0.025398161 0.012842232 0.011233249 0.0035648344 0.010105734 0.0024401166 0.0055433577 0.00199202 0.0026499494 0.0032133805 
0.010328031 0.027757479 0.012718714 0.012020986 0.058278464 0.16849422 0.12511879 0.02341484 0.025723664 0.019288447 0.009522508 0.0153920455 0.03684688 0.044762664 0.116029456 0.055703457 0.088856034 0.022421692 0.039865308 0.021268928 0.017908033 0.007163337 0.017982656 0.0049854675 0.008901642 0.0034227269 0.0024215383 0.0034019505 
0.01148253 0.02714398 0.008344275 0.012538782 0.05220152 0.16063339 0.08059704 0.027621826 0.03425877 0.021732248 0.021535527 0.015363122 0.033633284 0.036858045 0.09333975 0.048242077 0.09306478 0.034652095 0.06226701 0.03720325 0.017823875 0.015544536 0.017326083 0.010815876 0.014415426 0.0037930133 0.0028282409 0.004739575 
0.009925565 0.024308627 0.008572834 0.022964174 0.083279304 0.14783616 0.20440426 0.022258278 0.022965498 0.013887538 0.011428589 0.006064756 0.0146126 0.023768587 0.07283405 0.029809589 0.05583415 0.013751849 0.064327404 0.033554904 0.038655892 0.011604858 0.027163627 0.011245384 0.01732885 0.0038627193 0.00091097405 0.0028389806 
0.011662711 0.019703377 0.0107192155 0.03213001 0.0567336 0.1301116 0.087885484 0.0303181 0.009087177 0.014323591 0.018441223 0.0075047263 0.017036343 0.025501186 0.061216738 0.04286862 0.054500416 0.024363432 0.0628318 0.07677141 0.035628345 0.031040233 0.037662644 0.023729391 0.05077747 0.013488584 0.0037438988 0.010218748 
0.0075500873 0.024230089 0.010069346 0.023618028 0.051870394 0.07446841 0.04989852 0.015294417 0.017207323 0.016089007 0.012635743 0.006689534 0.011818449 0.018788612 0.06283971 0.01785514 0.02553577 0.014345674 0.04906261 0.08931621 0.08107012 0.043070477 0.09465628 0.034243718 0.0584125 0.024433684 0.014342318 0.050587844 
0.012424607 0.024023872 0.007587902 0.015947035 0.041669674 0.04711421 0.037560627 0.012700756 0.018046793 0.012920239 0.010403568 0.014540292 0.030753177 0.01629815 0.03693881 0.0137735 0.028564189 0.015884167 0.04059267 0.066343114 0.07796826 0.076291926 0.12314308 0.05224867 0.094804786 0.026794877 0.013955881 0.03070518 
0.0077495864 0.0119507555 0.0049604448 0.01294592 0.019830419 0.030184332 0.025239846 0.0071456255 0.010830784 0.008737642 0.007377594 0.008963554 0.021359878 0.013714766 0.01499257 0.0054361583 0.012537465 0.007716731 0.0110035455 0.026329141 0.039371975 0.08695871 0.1659565 0.08865301 0.20718227 0.07941911 0.016392155 0.047059447 
0.009233062 0.021227177 0.010036758 0.018121062 0.025682865 0.03349895 0.033236835 0.009694067 0.007704913 0.0078544095 0.011875226 0.006271716 0.01513525 0.0114613855 0.018436464 0.0072418866 0.011112875 0.008095786 0.01140815 0.027241413 0.035828613 0.047434036 0.20802999 0.095333435 0.17683274 0.06680751 0.024769366 0.0403941 
0.01066036 0.017103625 0.008880988 0.016801836 0.024075968 0.023267688 0.026825238 0.011415419 0.015141726 0.016090784 0.012404683 0.013316831 0.009965592 0.010110277 0.012987852 0.005730791 0.0072339876 0.0049668243 0.012527142 0.021347055 0.01728333 0.048046593 0.17543814 0.10739066 0.15596806 0.106740706 0.05886644 0.04941136 
0.014052362 0.020350045 0.011754941 0.021757932 0.032968983 0.02928945 0.042111937 0.019174878 0.021716755 0.019801268 0.013253195 0.018695144 0.014313842 0.01242334 0.016790096 0.0065500117 0.007605995 0.006267279 0.01587957 0.020160623 0.023321418 0.04712287 0.16846558 0.066237286 0.11194024 0.11411095 0.05007646 0.053807586 

0 ||| किसी संदेश शरीर में देखने के लिए संलग्नक अनुस्मारक प्लगइन के लिए संकेत संकेत करें ||| 0 ||| <sos> List of clues for the attachment reminder plugin to look for in a message body ||| 17 16
0.002160258 0.00758634 0.0030141484 0.033788275 0.013940779 0.0120936725 0.066001266 0.012137036 0.0050923633 0.0013731625 0.0070086876 0.015953407 0.059985343 0.26569828 0.46089724 0.030229008 0.0030407829 
0.0035921023 0.0044776774 0.003349886 0.01027845 0.007377641 0.009327283 0.052159965 0.016430996 0.016053466 0.003980154 0.010842356 0.015707832 0.03370519 0.15215337 0.37183917 0.28293434 0.0057902364 
0.0038615905 0.0028604087 0.0030142854 0.0055751815 0.017841026 0.012012033 0.013702656 0.019631404 0.022699373 0.003936952 0.009569062 0.0221292 0.049112577 0.06058345 0.046647854 0.57491463 0.1319083 
0.0021291887 0.006233793 0.0051889494 0.024115684 0.06345731 0.025955353 0.018096752 0.022127809 0.023574425 0.015060448 0.078498155 0.10642132 0.24887137 0.10112952 0.027980527 0.089718916 0.14144047 
0.002394165 0.019095939 0.004111719 0.08493624 0.048370447 0.017414572 0.09979788 0.057778746 0.022597509 0.01027354 0.21701793 0.17107657 0.13177983 0.049797542 0.024906483 0.024564872 0.0140859755 
0.0057860836 0.02899588 0.008956776 0.11264246 0.09364123 0.038359463 0.028169487 0.2731571 0.10708894 0.015197776 0.07429882 0.074211635 0.0307465 0.016114753 0.012269183 0.042824954 0.03753906 
0.013688696 0.06653725 0.017025275 0.13323818 0.07276475 0.043578915 0.057122245 0.10844777 0.118283875 0.025135819 0.13737458 0.12454699 0.029613208 0.016299183 0.0061112074 0.016337665 0.013894374 
0.013967864 0.121275194 0.011201119 0.31940562 0.057038415 0.022255244 0.092772454 0.16657563 0.062996835 0.011286258 0.05128953 0.04158625 0.0064997063 0.005600896 0.004439439 0.007943828 0.0038657424 
0.028838508 0.049156662 0.048612542 0.046982933 0.060664423 0.025483256 0.01275477 0.42915356 0.14164215 0.012526852 0.031442817 0.05472101 0.009089585 0.0044906093 0.0068169567 0.022813516 0.014809844 
0.035200175 0.22931524 0.108765185 0.07838961 0.05593642 0.0154731665 0.0070604794 0.06842901 0.26788762 0.044763528 0.053571098 0.011397683 0.0019375709 0.0046514855 0.0017534066 0.0071882713 0.008280051 
0.046720862 0.296586 0.08493764 0.1267245 0.070140846 0.024284495 0.013257478 0.051575623 0.18791035 0.021547247 0.034069683 0.016563414 0.0033634847 0.007556419 0.0023051046 0.0057170433 0.006739806 
0.06563806 0.23377849 0.08073476 0.21376178 0.062674016 0.01294847 0.021003295 0.103680365 0.08861712 0.027267447 0.047023155 0.010232142 0.0012427989 0.0052361 0.003524307 0.0062130503 0.016424568 
0.065887295 0.27422196 0.08159398 0.18940163 0.06290063 0.014869714 0.025500348 0.118197285 0.07462735 0.010303462 0.036188878 0.004601617 0.0017222712 0.0046249065 0.00777423 0.007101049 0.020483384 
0.21442051 0.18446428 0.110491015 0.0515752 0.0485556 0.010469606 0.007054742 0.22134402 0.07386602 0.011562522 0.029604418 0.0067670248 0.0012550317 0.0018782426 0.003653129 0.013126173 0.009912448 
0.11794789 0.18799487 0.14425536 0.04861839 0.08468056 0.026419831 0.012923495 0.097402476 0.12532456 0.031057598 0.038651485 0.008785737 0.0029092345 0.005111456 0.0048157535 0.031032335 0.03206893 
0.1424938 0.1451519 0.12816425 0.066991754 0.07228418 0.0378509 0.023947509 0.052124467 0.119563915 0.032826994 0.03759031 0.008825448 0.0040431963 0.01183013 0.0068804487 0.028036285 0.08139453 

0 ||| ' % s ' संसाधन बनाने के लिए hardlink बनाने हैः % s ||| 0 ||| <sos> Failed to create hardlink for resource ' % s':% s ||| 12 14
0.009273833 0.029709684 0.0044600507 0.005465532 0.024937663 0.040243026 0.6510604 0.103050984 0.059428845 0.05718309 0.008484633 0.0067022704 
0.018995237 0.016240986 0.021360235 0.008583718 0.014000929 0.019499464 0.042223796 0.6700674 0.1347657 0.032082103 0.013709767 0.008470652 
0.0055863033 0.008161621 0.007979572 0.01790614 0.021419734 0.024039743 0.04023911 0.3686864 0.32922268 0.13269809 0.01530086 0.02875972 
0.009981831 0.015524939 0.007515879 0.011591681 0.040142976 0.026003787 0.06925948 0.31259403 0.19679303 0.24777006 0.018074706 0.04474755 
0.0029650144 0.008660131 0.004258753 0.008413265 0.045280967 0.10701921 0.55809116 0.095491044 0.099086724 0.054706965 0.005147028 0.010879758 
0.004723057 0.029176764 0.01209715 0.046546653 0.23921426 0.25564593 0.31689954 0.03226109 0.023345038 0.023184638 0.0057370043 0.01116883 
0.012686703 0.06301416 0.0320234 0.118059725 0.53699523 0.121843345 0.038862772 0.017888729 0.013867199 0.021060355 0.008076443 0.0156219425 
0.020061547 0.1232802 0.048774824 0.1665498 0.48587587 0.034122355 0.016312998 0.020968994 0.010967278 0.045098305 0.0076474072 0.020340472 
0.03798176 0.2319934 0.04259072 0.09403698 0.3386909 0.023052193 0.031388145 0.05654879 0.028862583 0.07368266 0.0203907 0.020781217 
0.059841063 0.22582205 0.08371949 0.11398217 0.16541824 0.047398645 0.016000435 0.059397083 0.028625516 0.12695234 0.037142187 0.035700805 
0.030323893 0.1685632 0.052683942 0.09406595 0.11402371 0.013046906 0.007958408 0.039591566 0.021319687 0.23569268 0.16458422 0.058145817 
0.02462734 0.12680747 0.05277661 0.067855604 0.059503946 0.007665647 0.008249727 0.04683114 0.024333756 0.38139778 0.15916863 0.04078239 
0.029034898 0.06822018 0.03033298 0.0468091 0.032274727 0.0049845604 0.0053456873 0.053996004 0.03596791 0.3247507 0.29302052 0.0752627 
0.07549785 0.14005081 0.052916586 0.07988592 0.037242066 0.013628789 0.0062526693 0.05522601 0.02886224 0.1423287 0.17505404 0.19305427 

0 ||| ड्राइव ड्राइव को प्रयोग करने के लिए जरूरी अनुमति नहीं है ||| 0 ||| <sos> You do not have the required permissions to use this drive ||| 13 12
0.06677911 0.48271167 0.03692373 0.006131222 0.0132784005 0.013921186 0.01711596 0.007598326 0.008985036 0.045475904 0.2195424 0.04933119 0.032205958 
0.060573094 0.10084473 0.031306744 0.0098985005 0.015283571 0.012611471 0.025346806 0.006550662 0.010731084 0.08122421 0.27874467 0.32881215 0.03807228 
0.024371658 0.07923995 0.037620008 0.012332754 0.022792311 0.02244355 0.040850367 0.018578576 0.01454346 0.2240038 0.080158986 0.25847378 0.1645908 
0.027975395 0.04287155 0.038646728 0.010889926 0.014706056 0.012389893 0.034866877 0.013656061 0.010331162 0.41216877 0.12519026 0.11344958 0.14285773 
0.028264586 0.045321174 0.029418893 0.018292297 0.02303659 0.02255536 0.10442334 0.04894844 0.039703384 0.27115056 0.06436074 0.21268205 0.09184258 
0.03280839 0.07765513 0.04184443 0.022296673 0.062067542 0.055875055 0.15159234 0.05404194 0.061726574 0.17800874 0.035299897 0.1431099 0.083673425 
0.026067073 0.09432947 0.044050038 0.01670084 0.064225584 0.1157054 0.14232038 0.09893389 0.07709732 0.14135768 0.023073977 0.090547115 0.0655913 
0.018480012 0.095838055 0.028585624 0.020759601 0.039591074 0.071229436 0.32007253 0.119106986 0.047918193 0.07823335 0.030438142 0.09444777 0.035299223 
0.021169005 0.057225514 0.029836752 0.025321174 0.040302902 0.19163802 0.18561865 0.17809173 0.038876906 0.054536417 0.014641337 0.10264125 0.060100306 
0.028139234 0.03750175 0.02759054 0.049246766 0.09629783 0.15442498 0.0980149 0.22780146 0.07320361 0.04430119 0.008253395 0.05421762 0.10100673 
0.03802949 0.027241582 0.04037006 0.07334154 0.106358476 0.25778496 0.079590365 0.18273152 0.05337986 0.025931993 0.014382217 0.05692245 0.043935467 
0.106573395 0.10334175 0.051422045 0.05307064 0.05833139 0.21128069 0.04320152 0.083592504 0.045796964 0.028984932 0.017152438 0.09380154 0.10345021 

0 ||| सामान्य अतिरिक्त सी फ्लैग्स के लिए सभी लक्ष्य इंच यह समूह . ||| 0 ||| <sos> Common additional C preprocessor flags for all targets in this group . ||| 14 13
0.09843463 0.5084351 0.19659786 0.034165427 0.048337888 0.012110515 0.025734719 0.029998597 0.0053590345 0.005819313 0.01941849 0.008206504 0.0031129816 0.004268972 
0.03836389 0.07702556 0.64312685 0.12506188 0.03350062 0.009817006 0.01351669 0.016110394 0.021830898 0.007699698 0.0020238347 0.005036021 0.0023624906 0.0045241443 
0.018196909 0.024272285 0.12714091 0.56361866 0.2045217 0.008211018 0.01885457 0.006485092 0.016295506 0.0067555653 0.0007248234 0.003412479 0.00068358355 0.0008268815 
0.027195645 0.05351215 0.042368263 0.22755484 0.2929679 0.07317603 0.07613277 0.048162498 0.06503928 0.03616063 0.009783946 0.034774717 0.006077322 0.007093983 
0.02018603 0.06627077 0.051022667 0.15591985 0.14894153 0.076270536 0.08936392 0.13786122 0.120727345 0.04148267 0.016504131 0.054667924 0.009491882 0.0112895295 
0.035452887 0.06523222 0.026478961 0.08038191 0.12437178 0.06470379 0.14931135 0.13934626 0.11225735 0.072176844 0.028198497 0.055125404 0.017310258 0.029652528 
0.031443205 0.0668999 0.029898493 0.07598413 0.07981236 0.14971048 0.08250602 0.19834521 0.16056646 0.03837666 0.014114304 0.04284281 0.012978495 0.01652142 
0.019859357 0.027673274 0.032598663 0.09290152 0.059915572 0.078028515 0.0334542 0.09915976 0.27917585 0.05309671 0.012056738 0.15157881 0.014947124 0.045553945 
0.009314765 0.017480547 0.011066185 0.037000168 0.026994117 0.042144965 0.023817817 0.057824086 0.13105817 0.18110457 0.028526241 0.195132 0.05233456 0.18620177 
0.019459108 0.024066173 0.011180689 0.036905833 0.050786708 0.073126264 0.034179375 0.07319777 0.18402088 0.1369248 0.05050366 0.15989944 0.05793363 0.08781569 
0.015334525 0.018325161 0.023454597 0.02731539 0.02832772 0.039711036 0.0175637 0.053435083 0.10925232 0.09233379 0.030787347 0.30890068 0.103281654 0.13197698 
0.027351312 0.03637692 0.018955993 0.0503091 0.06390228 0.055693347 0.019822093 0.032197066 0.13859959 0.09095853 0.027366294 0.25262362 0.10961146 0.07623239 
0.038867135 0.040950816 0.01601801 0.038995866 0.047276944 0.06534488 0.08253121 0.03181889 0.09393743 0.05488525 0.050830785 0.14599587 0.17673464 0.11581229 

0 ||| लेखन रोधी ( burn _ proof ) विफलता का विफलता का विफलता ||| 0 ||| <sos> Use burn _ proof ( decrease the risk of failures ) ||| 13 13
0.0074915667 0.1092038 0.030254694 0.0097998995 0.2116134 0.007801311 0.01545619 0.0063032694 0.14198901 0.028993966 0.41642565 0.0056963325 0.0089709265 
0.034315847 0.026086802 0.28223583 0.032922734 0.26997015 0.030192597 0.05131998 0.02750665 0.052604437 0.08796241 0.05319813 0.020163137 0.031521272 
0.012007834 0.04991479 0.50092053 0.014533077 0.19839144 0.01533687 0.044419553 0.012845408 0.027599962 0.05004177 0.018792592 0.008359909 0.046836223 
0.016017849 0.10782909 0.21371303 0.01601272 0.27478606 0.023877025 0.0679351 0.03497698 0.12298748 0.025999913 0.06765341 0.011998369 0.016212966 
0.024904408 0.094475284 0.23184861 0.015179267 0.3225159 0.025043583 0.056266207 0.01670821 0.09239866 0.026962597 0.05850979 0.014960665 0.02022679 
0.019677471 0.079012655 0.1617946 0.014098681 0.19465302 0.04153254 0.05319899 0.014709464 0.15341944 0.0663329 0.14788935 0.028884958 0.02479598 
0.026462963 0.10251193 0.07642248 0.022407344 0.11824682 0.044576377 0.12861955 0.04393139 0.19105674 0.07863492 0.07337394 0.060595606 0.03315995 
0.04115537 0.13567162 0.09767044 0.011958489 0.07742946 0.031848915 0.11164955 0.040377498 0.23281085 0.07401719 0.095758945 0.017744908 0.031906765 
0.037519958 0.11021002 0.0746133 0.009318766 0.08676989 0.036642395 0.108061545 0.09483659 0.2042846 0.07985078 0.087205924 0.03512327 0.03556294 
0.054711267 0.10379375 0.07375954 0.0142432265 0.0603535 0.03841197 0.1935775 0.13265076 0.1301339 0.064022295 0.06666328 0.038915087 0.028763957 
0.02134714 0.13780168 0.053982023 0.022898383 0.09530858 0.039717555 0.28957805 0.06755178 0.12307741 0.053345058 0.038086012 0.036210258 0.021096047 
0.066234276 0.11592134 0.07369375 0.02099914 0.070720315 0.048162904 0.19205718 0.13701944 0.084820226 0.06108444 0.04368969 0.056647032 0.028950242 
0.046886425 0.13026217 0.07169793 0.028752532 0.098902345 0.07352853 0.21888652 0.061549734 0.091416195 0.050698128 0.032832284 0.055481065 0.03910616 

