0 ||| s फाइल लोड करने में लिखा डाटा ||| 0 ||| <sos> writing clipboard data to temp file failed ||| 9 8
0.037632283 0.14806324 0.2820672 0.029692031 0.01762186 0.3552319 0.123151 0.0051954873 0.0013449838 
0.016085587 0.020267561 0.07166588 0.11359904 0.03024129 0.20654629 0.5208414 0.01659152 0.004161374 
0.0035204128 0.008216316 0.031118538 0.050195586 0.15279011 0.51840127 0.22056028 0.013251641 0.0019458603 
0.002791837 0.015867827 0.055138897 0.11528658 0.33011281 0.23481081 0.20307106 0.03689357 0.0060265735 
0.018724928 0.05464192 0.16466634 0.15933235 0.21944773 0.196238 0.11335064 0.05388499 0.019713093 
0.024539003 0.09945199 0.43630594 0.14044134 0.06513112 0.093564875 0.05362994 0.067596905 0.019338887 
0.03226808 0.06623341 0.1202861 0.5059338 0.073503844 0.0192268 0.06705506 0.09327206 0.022220913 
0.06458897 0.09601895 0.051949482 0.34774095 0.039573133 0.012652679 0.057043754 0.2716053 0.058826793 

0 ||| छवि पृष्ठ भूमि के रूप में उपयोग में लें u ||| 0 ||| <sos> use image as background ||| 6 11
0.0045923362 0.10182956 0.7790231 0.06663294 0.044983122 0.0029389788 
0.0058081457 0.040098533 0.13234295 0.55359703 0.24946006 0.01869331 
0.0063464297 0.036205597 0.07756259 0.19903621 0.57976997 0.101079136 
0.014110673 0.13807715 0.08511186 0.25625977 0.43676272 0.0696779 
0.027728213 0.2725151 0.23467073 0.20148627 0.19641009 0.067189574 
0.06973468 0.4324018 0.20685941 0.11205935 0.11222606 0.06671864 
0.069001086 0.54138917 0.17891875 0.07643848 0.0593618 0.07489069 
0.13235131 0.34609756 0.107034564 0.10832109 0.091418214 0.21477723 
0.16927595 0.36551267 0.09599992 0.06752102 0.074838206 0.22685221 
0.19554871 0.3062547 0.11012725 0.061199497 0.064106196 0.26276362 
0.22412317 0.30934393 0.112028375 0.065128475 0.08009588 0.20928022 

0 ||| बतौर सादा पाठ सूची परियोजना सहेजें ||| 0 ||| <sos> save project as a plain text list ||| 9 7
0.07386686 0.036758643 0.09098015 0.16573907 0.067420036 0.5270442 0.025790084 0.009299967 0.0031009605 
0.029638845 0.020323955 0.028626623 0.13694137 0.0912116 0.2528041 0.4213456 0.015366991 0.0037409384 
0.0021677453 0.0014777966 0.0041102497 0.012698835 0.054851387 0.048419368 0.76877946 0.102657296 0.004837832 
0.0022451961 0.0035632472 0.0025821063 0.024330301 0.058643717 0.03090208 0.21531591 0.6406124 0.021805044 
0.022085683 0.032627318 0.058290575 0.41019306 0.1681087 0.030915342 0.045987897 0.11330455 0.11848686 
0.053085838 0.044118308 0.058880087 0.3511757 0.16883975 0.028869584 0.0410699 0.09697343 0.15698746 
0.08846471 0.06811214 0.107800476 0.19212234 0.11401771 0.044909183 0.05209931 0.06986316 0.26261094 

0 ||| यह बैठक फिर आती है ||| 0 ||| <sos> this meeting recurs ||| 5 6
0.01410251 0.8372528 0.1428635 0.0046397476 0.0011414457 
0.0067171 0.033044897 0.9437391 0.014980587 0.0015183549 
0.0077874186 0.023499219 0.10040047 0.8447401 0.023572719 
0.020967362 0.03403844 0.040534686 0.7885651 0.11589435 
0.04423721 0.05247233 0.06655886 0.4574675 0.3792641 
0.15654148 0.042120032 0.099529706 0.32210302 0.3797057 

0 ||| उपकरणपट्टी दिखाएँ या नहीं ||| 0 ||| <sos> whether or not to show the toolbar ||| 9 5
0.03315744 0.056656484 0.009918523 0.0034061766 0.071816064 0.19680366 0.19696853 0.4239716 0.0073014884 
0.047808204 0.028016763 0.07272306 0.01807709 0.044180144 0.13651866 0.20413433 0.43126926 0.017272463 
0.029624037 0.03925393 0.24264397 0.07269099 0.1576582 0.29775912 0.07299979 0.05109514 0.036274847 
0.037800234 0.04328326 0.21697982 0.15264107 0.08561912 0.17035402 0.102709025 0.04274606 0.14786729 
0.062990956 0.038079083 0.084022656 0.16567749 0.076307796 0.07280762 0.07847657 0.04584408 0.37579376 

0 ||| सप्ताह द्वारा महिना देखकर स्क्रोल करें r ||| 0 ||| <sos> sc roll month view by a week ||| 9 8
0.0012196191 0.031518906 0.035515532 0.02404634 0.0028323992 0.020369902 0.41841072 0.4625567 0.0035299095 
0.0041130004 0.0077344896 0.037862595 0.07937521 0.054031458 0.41490757 0.058901966 0.20088182 0.14219186 
0.005108813 0.054433275 0.15445125 0.18737519 0.1083389 0.23211211 0.15139087 0.06844369 0.038345955 
0.012367114 0.06431874 0.28887847 0.37147778 0.1783934 0.029251168 0.012181796 0.02080262 0.022328971 
0.021927228 0.21778215 0.39198238 0.20162524 0.11617837 0.012235879 0.0036581242 0.0116919 0.022918701 
0.035756122 0.35979626 0.25864008 0.07828972 0.1408881 0.01799433 0.0074026617 0.019534418 0.08169835 
0.07963483 0.17392805 0.1595861 0.07894115 0.1103713 0.05498052 0.012867373 0.041400984 0.28828973 
0.10467094 0.13454272 0.15401748 0.042311493 0.100166164 0.11115022 0.03613869 0.05380052 0.2632018 

0 ||| संदेशों को इस डाक सूची के साथ फ़िल्टर करने के लिए एक नियम बनाएँ ||| 0 ||| <sos> create a rule to filter messages to this mailing list ||| 12 15
0.00852607 0.019554796 0.06275331 0.07733285 0.03152869 0.24700391 0.09894538 0.030312477 0.2637375 0.13105789 0.024031224 0.005215857 
0.0017988033 0.0022566158 0.008848247 0.07584987 0.026437622 0.0361755 0.056550257 0.039823327 0.16197553 0.49703276 0.08846075 0.004790774 
0.0013703501 0.0010170577 0.004801339 0.021027602 0.012315348 0.05029179 0.041691106 0.05316453 0.58125746 0.14813678 0.0712779 0.013648727 
0.0030675738 0.002291832 0.0058898362 0.05413857 0.05040311 0.092773095 0.07761811 0.14526671 0.1398647 0.23126881 0.16660202 0.030815637 
0.0023922888 0.0018586293 0.006146403 0.031339794 0.04303379 0.022229314 0.046774648 0.17609605 0.12508099 0.08578169 0.35981163 0.09945469 
0.002406265 0.0021653557 0.009251336 0.07187272 0.17076862 0.08090178 0.18508935 0.2549382 0.056804746 0.02431817 0.101346 0.040137514 
0.0013571419 0.0022975488 0.021700721 0.09123165 0.13297138 0.36017314 0.17856051 0.1569849 0.02678317 0.0063532423 0.01372359 0.007863056 
0.003297865 0.0027190682 0.045290638 0.2103166 0.093659915 0.27373382 0.26011556 0.04798977 0.029317409 0.013309897 0.010402882 0.00984658 
0.015642358 0.0063795405 0.035507504 0.28469852 0.1806316 0.09428308 0.20484869 0.06891607 0.02799533 0.021166816 0.036115468 0.023815019 
0.012380834 0.012068141 0.07542619 0.18033572 0.43142983 0.030100308 0.073807605 0.058519714 0.01324627 0.012485919 0.035568472 0.06463101 
0.024083626 0.024857415 0.21078746 0.2856647 0.1032981 0.12580638 0.11880454 0.026038224 0.016063675 0.0076153874 0.009241862 0.047738645 
0.017554978 0.01638276 0.2732606 0.33634666 0.13140471 0.054361086 0.057683777 0.015303636 0.029605648 0.009510063 0.017280702 0.041305408 
0.037615705 0.046300508 0.2206718 0.3538292 0.07597462 0.013615681 0.03958311 0.026460497 0.021624833 0.03387559 0.035583533 0.09486499 
0.0359154 0.041627478 0.13827816 0.2331921 0.13859133 0.02091105 0.027817298 0.033822086 0.023897856 0.03019759 0.061811253 0.21393833 
0.03443602 0.051253192 0.1762056 0.18993513 0.13871364 0.02117967 0.025232445 0.048194837 0.024512462 0.025852723 0.05648635 0.20799793 

0 ||| आपकी परियोजना सहेजी गई है ||| 0 ||| <sos> your project has not been saved ||| 8 6
0.046503354 0.92012787 0.017170932 0.00497239 0.0014672929 0.0031577058 0.005596439 0.001004076 
0.036172014 0.16506885 0.24000278 0.2325687 0.039130833 0.0491009 0.21130933 0.026646642 
0.01202976 0.022841452 0.009670093 0.08657977 0.05182073 0.1153944 0.6657754 0.035888344 
0.008877071 0.031303305 0.009430402 0.09799849 0.06613778 0.3280774 0.42034835 0.037827123 
0.020807698 0.032376952 0.024161553 0.13374348 0.14897105 0.32893723 0.26352447 0.047477573 
0.029065276 0.04446996 0.066462554 0.1433038 0.11362073 0.30817455 0.20513126 0.08977187 

